4 91.3157894736842
38 88.94736842105263
28 96.3157894736842
39 93.42105263157895
16 92.63157894736842
25 93.42105263157895
6 90.52631578947368
19 95.78947368421052
24 93.15789473684211
29 92.63157894736842
14 90.78947368421052
23 88.42105263157895
20 95.0
30 93.6842105263158
36 95.0
8 91.57894736842105
21 95.52631578947368
7 90.52631578947368
32 96.57894736842105
13 93.6842105263158
15 93.94736842105263
0 91.84210526315789
22 93.15789473684211
33 93.94736842105263
37 94.73684210526316
27 94.73684210526316
31 94.73684210526316
3 93.42105263157895
12 92.89473684210526
40 95.52631578947368
1 89.21052631578948
9 92.36842105263158
35 93.6842105263158
10 94.47368421052632
18 95.78947368421052
11 95.78947368421052
2 94.47368421052632
5 89.73684210526316
26 93.42105263157895
34 93.6842105263158
17 93.15789473684211
